10	0	63.5
10	100	66.5
10	1000	67.7142857143
10	1013	66.8571428571
10	1033	70.0
10	1043	69.0
10	1045	78.0
10	1100	58.6666666667
10	1113	65.4
10	113	66.1428571429
10	1133	66.0
10	1143	78.0
10	1145	63.0
10	1200	70.0
10	1213	77.0
10	1233	64.3333333333
10	1243	62.3333333333
10	1245	60.5
10	13	69.0
10	1300	70.0
10	1313	69.3333333333
10	133	67.5
10	1333	68.0
10	1343	70.25
10	1345	66.8
10	1400	55.0
10	1413	66.0
10	143	67.0
10	1433	72.5
10	1443	56.0
10	1445	60.5
10	145	56.0
10	1500	68.75
10	1513	65.2857142857
10	1533	63.25
10	1543	72.0
10	1545	70.0
10	1613	66.1428571429
10	1633	69.0
10	1643	71.6666666667
10	1645	69.5
10	1700	61.0
10	1713	64.0
10	1733	70.0
10	1743	67.5
10	1745	67.0
10	1813	66.0
10	1833	56.0
10	1843	72.3333333333
10	1845	65.5
10	1900	67.0
10	1913	64.4
10	1933	70.3333333333
10	1943	67.0
10	1945	66.0
10	200	67.4
10	2000	68.0
10	2013	67.6
10	2033	68.6
10	2043	71.0
10	2045	69.5
10	2100	67.5
10	2113	67.0
10	213	66.0
10	2133	64.3333333333
10	2143	66.1666666667
10	2145	67.6666666667
10	2200	67.0
10	2213	62.1666666667
10	2233	77.0
10	2243	65.2
10	2300	71.6666666667
10	2313	66.6
10	233	65.5
10	2333	71.6
10	2343	75.3333333333
10	2345	74.6666666667
10	243	60.5
10	300	65.6666666667
10	313	79.0
10	33	66.6666666667
10	333	74.0
10	343	61.6666666667
10	345	56.0
10	400	72.0
10	413	67.3333333333
10	43	71.625
10	433	71.0
10	445	69.8
10	45	80.0
10	500	70.5
10	513	66.8571428571
10	533	68.0
10	543	69.0
10	545	69.0
10	600	68.25
10	613	67.1111111111
10	633	68.0
10	643	71.6666666667
10	645	80.0
10	700	57.3333333333
10	713	66.5714285714
10	733	64.0
10	743	69.6666666667
10	745	78.0
10	800	64.0
10	813	65.4
10	833	69.75
10	843	61.5
10	845	65.5
10	900	78.0
10	913	70.8888888889
10	933	79.0
10	943	74.0
10	945	60.0
11	0	74.0
11	100	70.0
11	1000	60.0
11	1013	65.5714285714
11	1033	70.6
11	1043	61.75
11	1045	65.0
11	1100	66.0
11	1113	72.4285714286
11	113	68.5
11	1133	64.0
11	1143	65.0
11	1145	77.0
11	1200	71.6666666667
11	1213	64.3333333333
11	1233	59.5
11	1243	65.0
11	1245	58.6666666667
11	13	66.6666666667
11	1300	71.0
11	1313	72.2
11	133	69.75
11	1333	65.0
11	1343	69.0
11	1345	65.0
11	1400	71.5
11	1413	71.5
11	143	72.4
11	1433	68.4
11	1443	68.0
11	1445	62.0
11	145	69.0
11	1500	69.6666666667
11	1513	67.625
11	1533	65.3333333333
11	1543	75.3333333333
11	1545	67.3333333333
11	1600	69.6
11	1613	66.0
11	1633	79.0
11	1643	61.5
11	1700	71.3333333333
11	1713	61.5
11	1733	69.0
11	1743	64.25
11	1745	68.5
11	1800	60.5
11	1813	63.75
11	1833	63.5
11	1843	70.5
11	1845	69.0
11	1900	59.5
11	1913	65.4
11	1933	67.0
11	1943	69.3333333333
11	1945	71.75
11	200	71.0
11	2000	64.25
11	2013	67.1666666667
11	2033	60.25
11	2043	69.0
11	2045	60.0
11	2100	67.5
11	2113	71.0
11	213	69.0
11	2133	70.8
11	2143	69.4285714286
11	2145	61.5
11	2200	64.8333333333
11	2213	69.3333333333
11	2233	64.0
11	2243	62.0
11	2245	71.3333333333
11	2300	59.0
11	2313	68.4285714286
11	233	63.0
11	2343	72.25
11	2345	65.2
11	243	56.0
11	245	63.0
11	300	68.0
11	313	63.75
11	33	70.0
11	333	65.5
11	343	65.3333333333
11	345	79.0
11	400	64.0
11	413	68.2727272727
11	43	65.0
11	433	65.8
11	443	66.6
11	445	75.5
11	45	64.0
11	500	66.25
11	513	73.5
11	533	56.0
11	543	66.75
11	545	60.3333333333
11	600	71.5
11	613	63.0
11	633	67.0
11	643	65.75
11	645	63.3333333333
11	700	72.5
11	713	68.6666666667
11	733	67.6666666667
11	743	64.0
11	745	70.4
11	800	69.0
11	813	64.2
11	833	55.0
11	843	66.8
11	845	63.0
11	900	64.0
11	913	63.25
11	933	65.5
11	943	62.0
11	945	60.3333333333
12	0	72.0
12	100	69.0
12	1000	75.0
12	1013	69.0
12	1033	61.6666666667
12	1043	67.6666666667
12	1045	65.0
12	1100	72.0
12	1113	65.875
12	113	69.125
12	1133	67.0
12	1143	66.75
12	1145	73.5
12	1200	69.5
12	1213	67.0
12	1233	76.0
12	1243	66.75
12	13	68.25
12	1300	68.4
12	1313	60.0
12	133	59.0
12	1333	63.0
12	1343	65.5
12	1345	74.6666666667
12	1413	75.0
12	1433	70.0
12	1443	57.0
12	1445	74.6666666667
12	145	59.0
12	1500	72.5
12	1513	72.6
12	1533	73.2
12	1543	68.8
12	1545	68.0
12	1600	72.2
12	1613	72.3333333333
12	1643	67.0
12	1645	76.6666666667
12	1700	66.6666666667
12	1713	64.5
12	1733	74.0
12	1743	60.0
12	1745	64.5
12	1800	70.0
12	1813	60.5
12	1833	68.0
12	1845	69.3333333333
12	1900	70.0
12	1913	70.3333333333
12	1933	72.0
12	1943	76.0
12	1945	67.0
12	200	67.6
12	2000	66.75
12	2013	66.3333333333
12	2033	72.5
12	2043	64.3333333333
12	2045	73.75
12	2100	71.0
12	2113	66.8
12	213	67.5
12	2133	74.0
12	2143	58.0
12	2200	63.0
12	2213	72.0
12	2233	63.8571428571
12	2243	55.0
12	2300	69.5
12	2313	72.5
12	233	65.5
12	2333	69.2
12	243	68.0
12	245	71.0
12	300	79.0
12	313	71.0
12	33	71.0
12	333	74.0
12	343	67.5
12	345	65.0
12	400	70.0
12	413	63.6666666667
12	43	68.25
12	433	63.6666666667
12	443	67.5
12	45	77.0
12	500	70.0
12	513	66.5
12	533	68.6
12	543	68.25
12	545	62.0
12	600	62.8
12	613	62.8
12	633	66.25
12	643	62.75
12	645	59.5
12	700	68.0
12	713	62.0
12	733	64.3333333333
12	743	67.5
12	745	55.0
12	800	71.6666666667
12	813	75.0
12	833	66.5
12	843	58.0
12	845	68.5
12	900	60.0
12	913	65.0
12	933	63.6
12	943	61.5
13	0	66.6666666667
13	100	71.6666666667
13	1000	70.6666666667
13	1013	65.25
13	1033	69.4
13	1045	68.3333333333
13	1100	71.3333333333
13	1113	65.1666666667
13	113	66.4
13	1133	58.5
13	1143	72.0
13	1145	64.0
13	1200	68.0
13	1213	65.6666666667
13	1233	72.6666666667
13	1243	68.5
13	1245	72.0
13	13	73.5
13	1300	70.5
13	1313	67.5
13	133	70.0
13	1333	69.0
13	1343	63.8
13	1345	68.0
13	1400	70.0
13	1413	67.5714285714
13	143	68.5
13	1433	65.0
13	1443	75.0
13	1445	68.2
13	145	60.0
13	1500	61.5
13	1513	69.6
13	1533	70.3333333333
13	1543	71.0
13	1545	61.0
13	1600	67.0
13	1613	62.1428571429
13	1633	65.5
13	1643	64.6666666667
13	1645	69.0
13	1700	62.0
13	1713	66.6666666667
13	1733	55.0
13	1743	66.75
13	1800	75.0
13	1813	66.3333333333
13	1833	75.0
13	1843	64.1666666667
13	1845	69.0
13	1900	62.6666666667
13	1913	68.8333333333
13	1933	71.5
13	1943	73.0
13	1945	69.0
13	200	76.0
13	2000	74.0
13	2013	62.1666666667
13	2033	71.25
13	2043	70.4
13	2100	72.0
13	2113	66.375
13	213	65.1428571429
13	2133	65.0
13	2143	71.0
13	2145	67.3333333333
13	2200	67.5
13	2213	70.75
13	2233	58.0
13	2245	68.0
13	2300	71.5
13	2313	70.3333333333
13	233	70.5
13	2333	71.0
13	2343	65.4
13	2345	71.3333333333
13	243	63.0
13	245	72.0
13	300	61.5
13	313	68.0
13	33	66.0
13	333	73.0
13	343	69.75
13	345	74.0
13	400	68.5
13	413	68.625
13	43	63.8333333333
13	433	67.5
13	443	69.5
13	445	70.75
13	45	65.5
13	500	61.0
13	513	57.0
13	533	65.3333333333
13	543	66.0
13	545	69.0
13	600	70.3333333333
13	613	70.0
13	633	66.5
13	643	68.0
13	645	77.0
13	713	65.5
13	733	60.0
13	743	67.5
13	745	70.5
13	800	68.0
13	813	70.25
13	833	71.5
13	843	77.0
13	845	65.0
13	913	73.0
13	943	64.5
13	945	64.0
14	0	71.0
14	100	77.0
14	1000	63.0
14	1013	67.2857142857
14	1033	61.0
14	1043	62.5
14	1045	71.0
14	1100	65.5
14	1113	75.25
14	113	65.5
14	1133	66.0
14	1143	62.0
14	1145	76.5
14	1200	68.8333333333
14	1213	64.625
14	1233	59.3333333333
14	1243	68.6666666667
14	1245	55.0
14	13	71.375
14	1300	70.0
14	1313	65.1666666667
14	133	73.0
14	1333	64.2
14	1343	73.25
14	1345	62.0
14	1400	71.0
14	1413	68.8
14	143	68.5
14	1433	64.5
14	1443	58.5
14	145	61.3333333333
14	1500	67.1666666667
14	1513	63.0
14	1543	63.8
14	1545	63.75
14	1600	67.4
14	1613	67.7142857143
14	1633	65.0
14	1643	61.0
14	1700	67.3333333333
14	1713	69.4285714286
14	1733	58.0
14	1745	78.0
14	1800	63.6666666667
14	1813	73.5
14	1833	68.4
14	1843	70.6666666667
14	1845	69.5
14	1900	71.4
14	1913	66.8571428571
14	1933	71.0
14	1943	64.0
14	1945	66.0
14	200	71.3333333333
14	2000	73.5
14	2013	64.1818181818
14	2033	66.6
14	2043	65.8
14	2045	66.0
14	2100	62.3333333333
14	2113	67.0
14	213	67.0
14	2133	69.0
14	2143	63.0
14	2200	71.0
14	2213	68.6666666667
14	2233	71.5
14	2243	65.0
14	2245	60.0
14	2300	66.3333333333
14	2313	66.875
14	233	66.8
14	2333	69.6666666667
14	2345	73.0
14	243	71.0
14	245	62.0
14	313	64.0
14	33	71.5
14	333	61.0
14	343	64.0
14	345	74.0
14	400	76.0
14	413	66.6666666667
14	43	66.5
14	433	68.4
14	443	66.0
14	445	79.0
14	45	69.0
14	500	66.3333333333
14	513	67.25
14	533	66.0
14	543	63.0
14	545	61.0
14	600	67.5
14	613	70.75
14	633	58.6666666667
14	643	69.3333333333
14	645	71.25
14	700	68.5
14	713	66.5555555556
14	733	68.25
14	743	77.0
14	745	66.3333333333
14	800	67.6666666667
14	813	67.6
14	833	66.3333333333
14	843	67.8571428571
14	900	76.5
14	913	66.8
14	933	66.25
14	943	69.6666666667
14	945	74.0
15	0	70.3333333333
15	100	68.5
15	1013	72.2222222222
15	1033	73.0
15	1043	71.0
15	1045	67.5
15	1113	77.0
15	113	72.0
15	1133	62.6666666667
15	1143	75.0
15	1200	80.0
15	1213	74.75
15	1233	67.0
15	1243	61.0
15	1245	63.0
15	13	67.5
15	1300	67.5
15	1313	65.6
15	133	66.0
15	1333	61.5
15	1343	68.0
15	1345	58.0
15	1400	65.0
15	1413	70.0
15	143	62.8
15	1433	68.75
15	1443	72.0
15	1445	67.3333333333
15	1500	56.0
15	1513	69.2857142857
15	1533	65.5
15	1543	71.8
15	1545	71.0
15	1600	64.4
15	1613	67.0
15	1633	66.5
15	1643	68.3333333333
15	1645	68.5
15	1700	72.0
15	1713	65.5
15	1733	66.75
15	1743	66.25
15	1745	66.5
15	1800	62.0
15	1813	70.8571428571
15	1833	61.0
15	1843	70.5
15	1845	63.5
15	1900	57.5
15	1913	62.0
15	1933	59.0
15	1943	73.6666666667
15	1945	65.0
15	200	59.75
15	2000	66.0
15	2013	64.875
15	2033	68.0
15	2043	65.3333333333
15	2045	75.0
15	2100	67.0
15	2113	68.3333333333
15	213	62.5
15	2143	66.0
15	2145	70.0
15	2200	73.5
15	2213	68.1666666667
15	2233	66.5
15	2243	68.0
15	2245	62.5
15	2300	68.25
15	2313	69.4
15	233	65.0
15	2333	68.25
15	2345	60.0
15	243	68.3333333333
15	300	67.3333333333
15	313	68.9230769231
15	33	58.0
15	333	72.8571428571
15	343	67.25
15	345	66.0
15	400	72.0
15	413	67.1428571429
15	43	67.3333333333
15	433	70.0
15	443	74.0
15	445	65.6666666667
15	45	65.6666666667
15	500	63.6
15	513	62.8
15	543	68.8
15	545	68.6
15	600	60.6666666667
15	613	62.0
15	633	70.0
15	643	59.0
15	700	65.5
15	713	70.1666666667
15	733	59.0
15	743	71.6
15	745	69.0
15	800	59.5
15	813	62.7142857143
15	833	70.6666666667
15	843	65.25
15	900	58.0
15	913	73.75
15	933	64.0
15	943	64.6
15	945	68.0
16	0	65.0
16	100	74.0
16	1000	74.0
16	1013	61.1428571429
16	1033	66.0
16	1043	73.3333333333
16	1045	64.0
16	1100	77.0
16	1113	70.0
16	113	63.7142857143
16	1133	56.0
16	1143	68.6666666667
16	1145	67.0
16	1200	65.75
16	1213	69.6
16	1243	69.0
16	1245	63.5
16	13	70.1428571429
16	1300	65.6666666667
16	1313	69.6
16	133	71.2
16	1333	71.0
16	1343	64.3333333333
16	1400	64.0
16	1413	74.0
16	143	71.0
16	1433	72.4
16	1443	68.5
16	1445	64.5
16	145	69.5
16	1500	61.0
16	1513	67.0
16	1533	67.2222222222
16	1543	65.3333333333
16	1600	68.0
16	1613	66.0
16	1633	66.0
16	1643	69.0
16	1645	72.0
16	1700	70.3333333333
16	1713	73.5714285714
16	1733	64.3333333333
16	1743	69.4
16	1745	71.3333333333
16	1800	74.5
16	1813	64.9
16	1833	59.75
16	1843	65.6666666667
16	1845	61.5
16	1900	62.5
16	1913	69.1
16	1933	66.375
16	1943	65.25
16	1945	68.5
16	200	72.0
16	2000	67.6666666667
16	2013	59.25
16	2033	70.0
16	2043	69.5
16	2045	71.0
16	2100	70.0
16	2113	68.25
16	213	73.5
16	2133	63.25
16	2143	76.0
16	2200	64.0
16	2213	64.3333333333
16	2233	68.0
16	2243	72.2
16	2245	66.3333333333
16	2300	63.6666666667
16	2313	61.3333333333
16	233	61.5
16	2333	69.0
16	2343	70.0
16	243	62.3333333333
16	245	78.5
16	300	64.0
16	313	63.6666666667
16	33	80.0
16	333	72.25
16	343	68.0
16	345	68.5
16	400	74.5
16	413	72.1428571429
16	43	67.25
16	433	64.0
16	443	66.5
16	445	76.0
16	45	78.0
16	500	66.0
16	513	66.6666666667
16	533	68.5
16	543	62.25
16	545	55.0
16	600	71.0
16	613	71.3333333333
16	633	60.0
16	700	79.0
16	713	71.5714285714
16	733	70.6
16	743	72.6666666667
16	745	72.0
16	800	69.0
16	813	65.0
16	833	61.5
16	843	64.75
16	845	61.0
16	900	66.5
16	913	65.5
16	933	67.2
16	943	67.6666666667
16	945	61.5
17	0	70.0
17	100	60.8333333333
17	1000	68.5
17	1013	69.4
17	1033	64.6666666667
17	1043	63.5
17	1045	62.75
17	1100	79.0
17	1113	72.5
17	113	76.4
17	1133	74.5
17	1143	73.6666666667
17	1145	65.5
17	1200	72.5
17	1213	69.7
17	1233	61.0
17	1243	63.6666666667
17	1245	63.0
17	13	68.0
17	1300	79.0
17	1313	64.8
17	133	61.2
17	1333	75.3333333333
17	1343	68.0
17	1345	77.5
17	1413	66.1428571429
17	143	70.2
17	1433	70.75
17	1443	68.0
17	1445	75.0
17	145	75.0
17	1500	70.5
17	1513	59.3333333333
17	1533	68.0
17	1545	65.0
17	1600	75.0
17	1613	62.3333333333
17	1633	71.2
17	1643	65.6
17	1645	67.0
17	1700	79.0
17	1713	63.75
17	1733	66.1428571429
17	1743	62.5
17	1745	76.0
17	1800	69.0
17	1813	70.1818181818
17	1833	73.5
17	1843	72.3333333333
17	1845	70.0
17	1900	66.6666666667
17	1913	67.3333333333
17	1933	66.4
17	1943	67.5
17	1945	75.0
17	200	72.6666666667
17	2000	68.0
17	2013	70.7142857143
17	2033	73.0
17	2043	70.6666666667
17	2045	76.0
17	2100	63.0
17	2113	64.4
17	213	69.625
17	2133	59.6666666667
17	2143	66.5
17	2145	68.0
17	2200	61.0
17	2213	61.25
17	2233	69.25
17	2243	67.25
17	2245	63.0
17	2300	60.5
17	2313	65.25
17	233	66.2
17	2333	66.75
17	2343	69.5
17	2345	65.0
17	243	74.0
17	245	69.0
17	300	73.5
17	313	66.8333333333
17	33	69.6666666667
17	333	73.5
17	343	64.5
17	345	70.5
17	400	68.6
17	413	65.6363636364
17	43	75.0
17	433	67.0
17	443	61.0
17	500	64.6666666667
17	513	66.0
17	533	68.6666666667
17	543	59.0
17	545	73.6666666667
17	600	55.0
17	613	69.4285714286
17	633	67.5
17	643	74.0
17	645	69.5
17	700	69.6
17	713	73.0
17	733	72.5
17	743	69.2
17	745	62.0
17	800	67.5
17	813	70.2
17	833	68.0
17	843	69.0
17	845	68.6666666667
17	900	64.8
17	913	65.7142857143
17	933	68.0
17	943	75.5
18	0	67.3333333333
18	1000	80.0
18	1013	70.75
18	1033	60.8
18	1043	73.0
18	1045	65.5
18	1100	76.0
18	1113	66.1666666667
18	113	71.8333333333
18	1133	74.0
18	1143	68.5
18	1145	62.25
18	1200	70.4
18	1213	59.25
18	1233	69.5
18	1243	62.3333333333
18	1245	61.5
18	13	67.25
18	1300	76.6666666667
18	1313	69.4285714286
18	1333	58.5
18	1345	64.3333333333
18	1400	70.3333333333
18	1413	61.0
18	143	68.5
18	1443	61.5
18	1445	67.5
18	145	73.0
18	1500	63.0
18	1513	70.875
18	1533	66.6666666667
18	1545	55.0
18	1600	62.6666666667
18	1613	78.0
18	1633	58.0
18	1643	66.6666666667
18	1645	69.2
18	1700	68.3333333333
18	1713	68.1428571429
18	1733	60.0
18	1743	69.0
18	1745	63.0
18	1800	64.25
18	1813	68.25
18	1833	77.5
18	1843	71.0
18	1845	60.0
18	1900	66.0
18	1913	66.3333333333
18	1943	71.3333333333
18	1945	78.5
18	200	76.0
18	2000	69.3333333333
18	2013	65.5
18	2033	63.3333333333
18	2043	59.5
18	2045	64.6666666667
18	2100	63.5
18	2113	66.8
18	213	73.5
18	2133	66.0
18	2143	71.75
18	2145	66.6
18	2200	61.0
18	2213	62.6666666667
18	2233	68.0
18	2243	68.5
18	2245	62.0
18	2300	67.3333333333
18	2313	66.0
18	233	60.0
18	2343	57.0
18	243	77.5
18	300	67.0
18	313	70.6666666667
18	33	72.0
18	343	69.125
18	345	68.75
18	400	66.75
18	413	65.8888888889
18	43	72.3333333333
18	433	70.0
18	443	65.6666666667
18	445	68.6666666667
18	45	71.2
18	500	67.5
18	513	75.0
18	533	75.3333333333
18	543	60.0
18	545	78.0
18	600	69.5
18	613	68.1666666667
18	633	68.0
18	643	74.6666666667
18	645	65.5
18	700	64.6666666667
18	713	69.6
18	733	65.5
18	743	60.0
18	745	68.5
18	800	59.5
18	813	66.0
18	833	71.0
18	843	70.0
18	845	65.5
18	900	63.25
18	913	64.4
18	933	60.0
18	943	74.0
18	945	77.0
19	0	72.3333333333
19	100	67.5
19	1000	68.6666666667
19	1013	64.6666666667
19	1033	73.6666666667
19	1043	69.0
19	1045	67.0
19	1100	64.3333333333
19	1113	67.2
19	113	64.8
19	1133	67.5
19	1143	69.5
19	1145	71.3333333333
19	1200	65.6
19	1213	65.4285714286
19	1233	64.3333333333
19	1243	61.0
19	1245	71.75
19	13	67.3333333333
19	1300	70.5
19	1313	64.6666666667
19	133	65.0
19	1333	67.0
19	1343	77.0
19	1345	76.0
19	1400	67.0
19	1413	67.0
19	143	67.0
19	1433	71.5
19	1443	74.0
19	1445	65.0
19	145	70.0
19	1500	62.6666666667
19	1513	67.2
19	1533	73.5
19	1543	64.0
19	1545	69.25
19	1600	59.0
19	1613	69.0
19	1633	66.2
19	1643	68.6666666667
19	1645	65.0
19	1700	61.3333333333
19	1713	64.8
19	1733	76.0
19	1743	68.6666666667
19	1745	80.0
19	1800	69.25
19	1813	70.75
19	1833	69.0
19	1843	68.4
19	1845	74.3333333333
19	1900	76.0
19	1913	67.75
19	1933	59.5
19	1943	66.0
19	1945	63.0
19	200	65.6666666667
19	2000	66.0
19	2013	71.1666666667
19	2033	68.0
19	2043	62.5
19	2045	70.0
19	2100	66.6666666667
19	2113	67.8571428571
19	213	67.6
19	2133	74.0
19	2143	69.0
19	2200	70.0
19	2213	67.0
19	2233	68.0
19	2243	72.0
19	2245	70.0
19	2300	76.5
19	2313	74.5
19	233	70.0
19	2333	61.5
19	2343	66.3333333333
19	2345	66.0
19	243	64.5
19	245	67.0
19	300	65.3333333333
19	313	70.5
19	33	71.1666666667
19	333	69.5
19	343	57.0
19	345	56.0
19	413	65.8
19	43	73.0
19	433	79.0
19	443	66.8
19	445	70.3333333333
19	45	69.0
19	500	72.0
19	513	64.2857142857
19	533	71.0
19	543	64.6666666667
19	545	65.0
19	600	68.5
19	613	74.0
19	633	59.0
19	643	61.0
19	645	68.5
19	700	70.0
19	713	66.25
19	733	75.0
19	743	59.6666666667
19	745	61.0
19	800	66.4
19	813	67.2222222222
19	833	68.6666666667
19	843	57.0
19	845	64.6666666667
19	913	65.8333333333
19	933	69.2
19	943	66.6666666667
19	945	67.6666666667
1	0	61.0
1	100	65.0
1	1000	64.5
1	1013	62.5
1	1033	64.6666666667
1	1043	71.6666666667
1	1100	66.0
1	1113	68.25
1	113	63.5
1	1133	68.5
1	1143	78.0
1	1200	71.4
1	1213	66.8
1	1233	75.5
1	1243	69.0
1	1245	63.5
1	13	68.4
1	1300	64.5
1	1313	65.8
1	133	64.75
1	1333	71.6666666667
1	1343	68.0
1	1345	64.0
1	1400	67.0
1	1413	69.4
1	143	64.3333333333
1	1433	69.6666666667
1	1443	61.0
1	1500	67.0
1	1513	63.2
1	1533	60.3333333333
1	1543	70.0
1	1600	59.5
1	1613	58.5
1	1633	75.3333333333
1	1643	60.6666666667
1	1645	63.0
1	1700	66.0
1	1713	63.8
1	1733	62.5
1	1743	74.0
1	1745	55.0
1	1800	62.6666666667
1	1813	72.5
1	1833	72.6666666667
1	1843	68.0
1	1900	69.5
1	1913	70.0
1	1933	63.0
1	1943	71.6
1	1945	70.0
1	200	69.0
1	2000	65.5
1	2013	72.4
1	2033	68.3333333333
1	2043	65.25
1	2100	56.0
1	2113	65.5454545455
1	213	68.25
1	2133	65.8333333333
1	2143	68.0
1	2145	71.0
1	2200	74.0
1	2213	70.3333333333
1	2233	64.0
1	2243	63.0
1	2245	76.0
1	2300	70.6666666667
1	2313	68.25
1	233	68.8333333333
1	2333	61.5
1	2343	63.0
1	243	67.8571428571
1	245	57.0
1	300	65.75
1	313	70.1111111111
1	33	68.0
1	333	64.0
1	343	72.0
1	400	67.5
1	413	66.4166666667
1	43	64.0
1	433	71.0
1	443	77.0
1	445	77.0
1	500	60.6666666667
1	513	65.1111111111
1	533	68.75
1	543	68.0
1	545	72.0
1	600	63.3333333333
1	613	66.375
1	633	73.3333333333
1	643	71.6
1	700	71.75
1	713	70.4285714286
1	733	67.0
1	743	68.0
1	745	71.5
1	800	79.0
1	813	64.8333333333
1	833	67.75
1	843	73.0
1	845	69.5
1	900	66.5
1	913	66.375
1	943	68.0
1	945	67.0
20	0	72.5
20	100	67.8
20	1000	66.6666666667
20	1013	64.8888888889
20	1033	67.5
20	1043	70.0
20	1045	57.0
20	1100	72.0
20	1113	69.5714285714
20	113	67.2857142857
20	1133	65.4285714286
20	1143	75.0
20	1145	72.75
20	1213	67.4
20	1233	60.0
20	1243	62.0
20	1245	73.0
20	13	68.25
20	1300	65.6666666667
20	1313	67.75
20	133	61.5
20	1333	71.6666666667
20	1343	69.3333333333
20	1345	69.5
20	1400	70.5
20	1413	65.5
20	143	67.0
20	1433	77.0
20	1443	68.0
20	1445	71.0
20	1500	65.3333333333
20	1513	65.8
20	1533	67.5
20	1543	65.5
20	1600	70.6666666667
20	1613	64.5
20	1633	69.5
20	1643	72.25
20	1645	73.0
20	1700	71.0
20	1713	72.0
20	1733	65.6
20	1743	70.5
20	1745	68.0
20	1800	61.2857142857
20	1833	72.6666666667
20	1843	73.0
20	1900	66.25
20	1913	63.625
20	1933	62.5
20	1943	68.0
20	1945	76.0
20	2000	63.0
20	2013	67.0
20	2045	61.5
20	2100	66.5
20	2113	65.5
20	213	65.0
20	2133	59.0
20	2143	59.5
20	2145	79.0
20	2200	70.0
20	2213	65.25
20	2243	72.0
20	2245	64.0
20	2300	63.4
20	2313	69.625
20	233	69.6666666667
20	2333	62.0
20	2343	74.0
20	2345	72.0
20	243	63.5
20	245	67.5
20	300	58.3333333333
20	313	67.6666666667
20	33	61.0
20	333	56.0
20	343	68.0
20	345	59.5
20	400	70.3333333333
20	413	66.25
20	43	68.0
20	433	61.3333333333
20	443	65.5
20	445	75.0
20	45	63.4
20	500	63.0
20	513	61.4444444444
20	533	60.0
20	543	67.0
20	545	58.0
20	600	62.0
20	613	75.0
20	633	62.0
20	643	64.8
20	700	73.0
20	713	68.0
20	743	68.0
20	745	66.0
20	800	68.0
20	813	66.0
20	833	58.0
20	843	59.75
20	845	57.75
20	900	67.25
20	913	72.0
20	933	76.5
20	943	79.0
20	945	68.0
2	0	68.4
2	100	66.0
2	1000	64.3333333333
2	1013	69.0
2	1033	75.0
2	1043	69.0
2	1045	71.0
2	1100	63.0
2	1113	61.0
2	113	67.6
2	1133	66.0
2	1143	67.6666666667
2	1200	72.0
2	1213	72.4
2	1233	67.6666666667
2	1243	73.5
2	1245	76.0
2	13	69.3333333333
2	1313	75.25
2	133	61.5
2	1333	61.2
2	1343	67.5
2	1345	70.6
2	1400	63.8333333333
2	1413	66.1111111111
2	143	68.0
2	1433	71.6666666667
2	1443	72.0
2	145	65.0
2	1500	64.6666666667
2	1513	69.5
2	1533	69.5
2	1543	78.5
2	1545	62.3333333333
2	1600	76.0
2	1613	65.25
2	1633	61.75
2	1643	72.6
2	1645	70.6666666667
2	1700	69.25
2	1713	63.6666666667
2	1733	70.0
2	1743	69.5
2	1745	68.0
2	1800	66.0
2	1813	64.7142857143
2	1833	65.0
2	1843	72.5
2	1845	59.0
2	1913	66.5
2	1933	62.0
2	1943	68.6666666667
2	2000	74.4
2	2013	74.6666666667
2	2033	72.6666666667
2	2043	71.3333333333
2	2045	70.0
2	2113	61.75
2	213	64.0
2	2143	57.5
2	2145	72.0
2	2200	73.0
2	2213	68.8333333333
2	2233	67.0
2	2243	73.6666666667
2	2245	76.0
2	2300	65.2
2	2313	68.7142857143
2	233	66.3333333333
2	2343	71.25
2	2345	69.0
2	243	67.0
2	245	62.0
2	300	68.0
2	313	65.5
2	33	59.0
2	333	63.0
2	343	73.5
2	345	61.6666666667
2	400	61.6666666667
2	413	74.0
2	43	66.0
2	433	67.5
2	443	65.8
2	445	61.0
2	45	75.5
2	500	60.5
2	513	67.5
2	533	62.5
2	545	71.0
2	600	59.5
2	613	71.2
2	633	64.0
2	643	65.5
2	645	57.5
2	700	74.5
2	713	67.2857142857
2	733	72.6666666667
2	743	68.5
2	745	57.0
2	813	62.0
2	833	63.0
2	843	72.25
2	845	68.0
2	900	70.8333333333
2	913	71.0
2	943	64.6
2	945	65.0
3	0	72.6666666667
3	100	71.75
3	1000	65.0
3	1013	64.3333333333
3	1033	64.0
3	1043	66.25
3	1045	64.0
3	1100	63.3333333333
3	1113	65.25
3	113	68.1111111111
3	1133	69.6666666667
3	1200	69.0
3	1213	63.1666666667
3	1233	59.5
3	1243	64.5
3	1245	72.0
3	13	70.25
3	1300	68.75
3	1313	72.3333333333
3	133	67.25
3	1333	59.0
3	1343	66.0
3	1345	80.0
3	1400	62.0
3	1413	63.5
3	143	63.25
3	1433	72.4
3	1443	68.375
3	1445	56.0
3	145	63.0
3	1500	79.0
3	1513	69.8333333333
3	1543	69.0
3	1545	80.0
3	1600	69.3333333333
3	1613	72.9090909091
3	1633	70.25
3	1643	64.0
3	1645	60.0
3	1700	67.75
3	1713	67.5
3	1733	63.4285714286
3	1743	64.75
3	1745	70.3333333333
3	1800	65.0
3	1813	63.3333333333
3	1843	74.5
3	1845	61.5
3	1900	66.75
3	1913	70.2727272727
3	1933	71.0
3	1943	76.0
3	1945	65.5
3	200	63.0
3	2000	75.5
3	2013	65.125
3	2043	75.0
3	2045	62.0
3	2100	67.8
3	2113	68.3333333333
3	213	69.9
3	2133	66.0
3	2143	66.75
3	2145	60.0
3	2200	67.6666666667
3	2213	64.1
3	2233	71.0
3	2243	71.5
3	2245	62.0
3	2300	64.6666666667
3	2313	66.1
3	233	66.5
3	2333	64.8
3	2343	67.0
3	2345	62.0
3	243	62.0
3	245	67.3333333333
3	300	66.0
3	313	70.4285714286
3	33	64.6666666667
3	333	65.75
3	343	66.0
3	345	73.0
3	400	70.8333333333
3	413	66.3333333333
3	43	68.0
3	433	65.5714285714
3	443	61.6666666667
3	445	70.6666666667
3	500	70.0
3	513	72.125
3	533	69.5
3	545	77.0
3	600	67.0
3	613	71.5
3	633	71.25
3	645	70.6666666667
3	700	67.5
3	713	64.4444444444
3	733	66.6666666667
3	743	72.0
3	745	71.5
3	800	69.6666666667
3	813	71.7142857143
3	833	61.0
3	843	67.0
3	845	58.0
3	900	78.0
3	913	65.9
3	933	67.4
3	943	63.3333333333
3	945	66.0
4	0	69.6666666667
4	100	76.5
4	1000	64.6666666667
4	1033	66.4
4	1043	72.5
4	1100	69.0
4	1113	62.7142857143
4	113	61.5714285714
4	1133	57.0
4	1143	71.0
4	1145	60.0
4	1200	71.0
4	1213	67.5
4	1233	68.0
4	1243	73.0
4	1245	68.0
4	13	70.8571428571
4	1300	69.25
4	1313	70.1538461538
4	133	70.4
4	1333	69.5
4	1343	67.6666666667
4	1345	79.0
4	1400	64.0
4	1413	68.6
4	143	69.8
4	1433	57.0
4	1443	65.0
4	1445	66.6666666667
4	145	63.75
4	1500	73.3333333333
4	1513	70.1666666667
4	1533	60.0
4	1543	70.6666666667
4	1545	69.75
4	1600	67.0
4	1613	68.125
4	1633	69.25
4	1643	62.75
4	1700	71.5
4	1713	63.0
4	1733	70.0
4	1743	74.0
4	1745	62.3333333333
4	1800	63.8
4	1813	66.3333333333
4	1833	66.5
4	1843	71.6666666667
4	1845	62.0
4	1900	72.0
4	1913	69.1428571429
4	1933	72.3333333333
4	1943	66.5
4	200	73.3333333333
4	2000	62.5
4	2013	68.1428571429
4	2033	66.0
4	2043	61.6666666667
4	2045	62.5
4	2100	69.0
4	2113	70.5
4	213	67.6666666667
4	2133	67.75
4	2143	65.0
4	2145	58.0
4	2200	65.0
4	2213	65.0
4	2233	67.6666666667
4	2243	59.0
4	2300	67.0
4	2313	65.2
4	233	70.6666666667
4	2333	56.0
4	2345	59.0
4	243	80.0
4	245	71.0
4	300	64.5
4	313	70.6666666667
4	33	69.75
4	333	67.6666666667
4	343	61.6666666667
4	345	75.5
4	400	72.5
4	413	69.25
4	43	74.25
4	433	72.0
4	443	67.5
4	445	77.5
4	45	66.5
4	500	60.0
4	513	66.7272727273
4	533	68.0
4	543	59.6666666667
4	600	55.0
4	613	71.8888888889
4	633	58.0
4	643	67.2
4	645	57.0
4	700	72.0
4	713	71.0
4	733	63.1666666667
4	743	67.75
4	745	74.0
4	800	60.0
4	813	66.5
4	833	57.0
4	843	66.0
4	845	69.3333333333
4	900	69.5
4	913	68.8333333333
4	933	68.0
4	943	63.8
4	945	60.6666666667
5	0	66.75
5	100	73.5
5	1000	69.0
5	1013	66.8571428571
5	1033	70.0
5	1043	63.5
5	1045	66.5
5	1100	63.3333333333
5	1113	69.5833333333
5	113	68.0
5	1133	69.6666666667
5	1143	68.0
5	1145	72.5
5	1213	62.6666666667
5	1233	70.0
5	1243	68.3333333333
5	1245	78.0
5	13	74.8
5	1300	70.2
5	1313	73.25
5	133	68.0
5	1333	70.5
5	1343	77.5
5	1345	68.0
5	1400	72.8
5	1413	70.3333333333
5	143	63.0
5	1433	74.0
5	1443	78.0
5	1445	65.3333333333
5	145	62.5
5	1500	77.6666666667
5	1513	72.0
5	1533	65.5
5	1543	73.0
5	1600	66.5714285714
5	1613	71.1666666667
5	1633	66.0
5	1643	66.3333333333
5	1645	65.25
5	1700	59.5
5	1713	64.5
5	1733	74.5
5	1743	67.3333333333
5	1745	72.5
5	1813	63.0
5	1833	66.6666666667
5	1843	69.5
5	1845	65.0
5	1900	58.0
5	1913	59.0
5	1933	66.7142857143
5	1943	68.5
5	200	64.75
5	2000	66.0
5	2013	69.625
5	2033	67.0
5	2043	60.0
5	2045	69.0
5	2100	69.0
5	2113	66.3333333333
5	213	67.125
5	2133	78.25
5	2143	66.0
5	2145	78.5
5	2200	61.75
5	2213	68.5
5	2233	64.0
5	2243	64.0
5	2245	72.0
5	2300	70.3333333333
5	2313	65.8
5	233	67.0
5	2333	63.8
5	2343	67.7142857143
5	2345	66.0
5	243	76.0
5	245	72.0
5	300	75.6
5	313	61.6
5	33	69.0
5	333	69.6666666667
5	343	67.5
5	345	74.3333333333
5	400	71.3333333333
5	413	64.0
5	43	73.0
5	443	76.25
5	445	63.25
5	500	74.0
5	513	69.2857142857
5	533	69.0
5	543	72.0
5	545	55.0
5	600	62.0
5	613	66.1428571429
5	633	67.5
5	643	70.5
5	645	62.0
5	700	67.3333333333
5	713	72.0
5	733	70.75
5	743	68.6666666667
5	745	72.3333333333
5	800	61.0
5	813	67.8571428571
5	833	62.0
5	843	69.25
5	845	70.6666666667
5	900	68.0
5	913	70.0
5	933	66.5
5	943	72.0
5	945	73.0
6	100	63.5
6	1000	68.25
6	1013	65.3333333333
6	1033	64.0
6	1043	62.0
6	1045	72.5
6	1100	70.0
6	1113	69.0
6	113	68.3333333333
6	1133	66.75
6	1143	61.8
6	1145	73.0
6	1200	69.0
6	1213	73.25
6	1233	68.5
6	1243	69.3333333333
6	1245	76.0
6	13	67.25
6	1300	74.0
6	1313	67.2857142857
6	133	63.0
6	1333	74.25
6	1345	57.0
6	1400	66.3333333333
6	1413	70.8
6	143	60.0
6	1433	61.3333333333
6	1443	74.0
6	1445	57.5
6	145	67.0
6	1500	73.2
6	1513	69.6666666667
6	1533	65.5
6	1543	67.8333333333
6	1545	62.3333333333
6	1613	67.3333333333
6	1633	73.5
6	1643	64.5
6	1645	63.5
6	1700	67.5
6	1713	68.6666666667
6	1733	65.75
6	1743	70.5
6	1745	68.0
6	1800	64.0
6	1813	64.2
6	1843	71.0
6	1845	76.3333333333
6	1900	69.5
6	1913	66.0
6	1933	73.6666666667
6	1943	61.5
6	200	61.0
6	2000	56.6666666667
6	2013	66.7142857143
6	2033	78.0
6	2043	66.6666666667
6	2100	63.0
6	2113	69.4
6	213	62.0
6	2133	64.3333333333
6	2143	66.5
6	2145	66.0
6	2200	65.0
6	2213	67.0
6	2233	62.2
6	2243	77.5
6	2245	79.0
6	2300	70.4
6	2313	67.5
6	233	61.0
6	2333	68.0
6	2343	62.2
6	2345	74.0
6	243	66.7142857143
6	245	55.0
6	300	69.3333333333
6	313	67.5714285714
6	33	64.0
6	333	63.0
6	343	55.0
6	345	62.5
6	400	65.3333333333
6	413	65.4285714286
6	43	58.0
6	433	70.75
6	443	73.5
6	445	70.5
6	45	64.0
6	513	69.0
6	543	68.6
6	545	72.0
6	600	76.0
6	613	65.8
6	633	64.6666666667
6	643	72.3333333333
6	645	73.5
6	700	79.0
6	713	66.75
6	733	63.0
6	743	62.6666666667
6	800	69.6666666667
6	813	63.0
6	833	80.0
6	843	66.0
6	845	70.2
6	900	57.0
6	913	70.1111111111
6	943	73.2
6	945	72.6666666667
7	0	64.5
7	100	73.25
7	1000	72.0
7	1013	65.375
7	1033	61.0
7	1043	72.0
7	1045	79.0
7	1100	58.0
7	1113	67.0
7	113	64.0
7	1133	69.0
7	1143	65.1666666667
7	1145	58.0
7	1200	80.0
7	1213	64.0
7	1233	63.1666666667
7	1243	70.6
7	1245	66.0
7	13	67.0
7	1300	60.5
7	1313	60.8
7	133	68.6666666667
7	1333	59.75
7	1343	67.2
7	1345	65.25
7	1400	69.5
7	1413	67.0
7	143	66.6666666667
7	1433	57.0
7	1443	63.0
7	1445	64.6666666667
7	145	72.5
7	1513	65.25
7	1533	70.0
7	1543	75.0
7	1545	67.5
7	1600	63.0
7	1613	70.5
7	1633	62.75
7	1643	68.0
7	1645	62.6666666667
7	1700	72.25
7	1713	68.5
7	1733	66.0
7	1745	77.0
7	1800	72.5
7	1813	70.2
7	1833	58.0
7	1843	70.4
7	1900	74.75
7	1913	72.2
7	1933	67.0
7	1943	71.75
7	200	69.25
7	2000	68.0
7	2013	68.2857142857
7	2033	55.0
7	2043	65.5
7	2100	65.6666666667
7	2113	66.7777777778
7	213	65.4
7	2133	67.0
7	2143	67.0
7	2200	72.0
7	2213	67.8571428571
7	2233	68.0
7	2243	71.3333333333
7	2245	75.0
7	2300	57.5
7	2313	69.3333333333
7	233	59.0
7	2333	66.25
7	2343	64.8
7	243	65.5
7	245	62.5
7	300	68.0
7	313	68.5
7	33	72.0
7	333	61.0
7	343	64.3333333333
7	345	74.5
7	400	69.3333333333
7	413	66.5
7	43	71.5
7	433	68.25
7	443	60.25
7	445	67.0
7	45	64.5
7	500	68.3333333333
7	513	67.5555555556
7	543	59.0
7	545	66.0
7	600	64.4
7	613	69.0
7	633	61.0
7	643	66.0
7	645	67.5
7	700	66.5
7	713	62.0
7	733	72.0
7	743	70.6666666667
7	745	63.75
7	800	67.0
7	813	66.0
7	833	68.125
7	843	69.1428571429
7	845	65.0
7	900	60.25
7	913	64.0
7	933	65.8
7	943	56.0
7	945	73.0
8	0	72.5
8	100	76.5
8	1000	64.0
8	1013	65.2
8	1033	76.0
8	1043	67.0
8	1100	68.6
8	1113	65.7142857143
8	1133	64.2
8	1143	70.8333333333
8	1145	73.3333333333
8	1200	64.0
8	1213	66.7777777778
8	1233	68.7142857143
8	1243	64.3333333333
8	1245	67.0
8	13	67.0
8	1313	66.5555555556
8	133	73.6666666667
8	1343	65.3333333333
8	1345	71.5
8	1400	77.0
8	1413	72.0
8	143	74.5
8	1433	69.3333333333
8	1443	71.2
8	1445	73.5
8	145	73.6666666667
8	1500	66.0
8	1513	64.125
8	1533	68.2857142857
8	1543	70.5
8	1545	74.0
8	1600	64.6666666667
8	1613	64.4285714286
8	1633	71.5
8	1643	68.3333333333
8	1645	77.0
8	1700	72.3333333333
8	1713	63.8333333333
8	1733	73.6666666667
8	1743	61.3333333333
8	1745	72.75
8	1800	57.5
8	1813	70.0
8	1833	68.8
8	1843	65.6666666667
8	1845	62.75
8	1900	67.0
8	1913	71.8571428571
8	1933	72.4
8	1943	67.5
8	1945	66.0
8	200	60.4
8	2000	66.0
8	2013	67.0
8	2033	71.0
8	2043	68.0
8	2045	55.0
8	2100	67.4
8	2113	59.0
8	213	66.0
8	2133	75.6666666667
8	2143	72.0
8	2145	69.5
8	2200	66.7142857143
8	2213	69.4285714286
8	2233	62.75
8	2243	70.0
8	2245	69.0
8	2300	73.5
8	2313	64.5555555556
8	233	71.5
8	2343	74.2
8	2345	77.5
8	243	66.0
8	245	67.6666666667
8	300	63.0
8	313	65.25
8	33	62.0
8	333	66.3333333333
8	343	70.0
8	345	65.5
8	400	55.0
8	413	70.5
8	43	70.25
8	433	64.0
8	443	79.0
8	445	71.0
8	45	71.0
8	500	73.0
8	513	62.3333333333
8	533	68.0
8	543	69.3333333333
8	545	68.6666666667
8	600	69.5
8	613	66.7777777778
8	633	74.0
8	643	71.6666666667
8	645	71.0
8	700	55.5
8	713	64.2
8	743	65.0
8	745	70.5
8	800	61.3333333333
8	813	72.25
8	833	68.0
8	843	59.0
8	845	56.0
8	900	65.5
8	913	65.0
8	933	71.0
8	943	69.6666666667
8	945	59.0
9	0	69.75
9	100	71.0
9	1000	66.25
9	1013	70.8
9	1033	70.5
9	1043	64.5
9	1045	65.0
9	1100	60.0
9	1113	67.5
9	113	61.0
9	1133	60.0
9	1143	61.0
9	1145	58.0
9	1200	69.3333333333
9	1213	66.3333333333
9	1233	64.5
9	1243	65.5
9	1245	66.0
9	13	62.0
9	1300	74.3333333333
9	1313	70.0
9	133	63.0
9	1333	70.8
9	1343	71.3333333333
9	1345	77.0
9	1400	60.6666666667
9	1413	66.5
9	143	66.6666666667
9	1433	74.0
9	1443	64.6666666667
9	145	68.0
9	1500	60.3333333333
9	1513	68.25
9	1533	78.0
9	1543	63.6666666667
9	1545	68.0
9	1600	71.0
9	1613	67.0
9	1633	63.0
9	1643	64.6
9	1645	67.0
9	1700	65.0
9	1713	72.8
9	1733	62.0
9	1743	71.0
9	1745	57.0
9	1800	65.75
9	1813	69.4285714286
9	1833	62.0
9	1843	63.0
9	1845	60.0
9	1900	62.5
9	1913	71.6
9	1933	66.0
9	1943	71.0
9	1945	70.0
9	200	76.0
9	2000	73.0
9	2013	64.0
9	2033	66.25
9	2043	73.25
9	2100	71.5
9	2113	67.0
9	213	69.5
9	2133	67.75
9	2143	65.25
9	2200	68.5
9	2213	71.3333333333
9	2233	68.2
9	2243	69.25
9	2300	75.5
9	2313	77.3333333333
9	233	75.0
9	2333	73.6
9	2343	64.2
9	2345	66.5
9	245	63.0
9	300	69.0
9	313	69.6
9	33	71.6
9	333	71.0
9	343	78.5
9	345	63.3333333333
9	400	67.0
9	413	67.8
9	43	63.0
9	433	68.75
9	443	75.5
9	445	70.0
9	45	69.0
9	500	67.25
9	513	74.5
9	533	69.5
9	543	68.5
9	545	74.0
9	600	67.25
9	613	71.2727272727
9	633	69.75
9	643	63.75
9	645	66.6
9	700	63.0
9	713	66.1428571429
9	733	66.3333333333
9	743	67.0
9	800	70.5
9	813	66.5714285714
9	833	64.8571428571
9	843	65.3333333333
9	900	72.8
9	913	69.8571428571
9	933	70.5
9	943	69.0
9	945	68.25
